2500 2510 35600
2510 2520 35940
2520 2530 36280
2530 2540 36630
2540 2550 36970
2550 2560 37310
2560 2570 37650
2570 2580 38000
2580 2590 38340
2590 2600 38830
2600 2610 39690
2610 2620 40540
2620 2630 41400
2630 2640 42260
2640 2650 43110
2650 2660 43970
2660 2670 44820
2670 2680 45680
2680 2690 46540
2690 2700 47390
2700 2710 48250
2710 2720 49100
2720 2730 49960
2730 2740 50810
2740 2750 51670
2750 2760 52530
2760 2770 53380
2770 2780 54240
2780 2790 55090
2790 2800 55950
2800 2810 56800
2810 2820 57660
2820 2830 58520
2830 2840 59370
2840 2850 60230
2850 2860 61080
2860 2870 61940
2870 2880 62790
2880 2890 63650
2890 2900 64510
2900 2910 65360
2910 2920 66220
2920 2930 67070
2930 2940 67930
2940 2950 68780
2950 2960 69640
2960 2970 70500
2970 2980 71350
2980 2990 72210
2990 3000 73060
3000 3020 74350
3020 3040 76060
3040 3060 77770
3060 3080 79480
3080 3100 81190
3100 3120 82900
3120 3140 84620
3140 3160 86330
3160 3180 88040
3180 3200 89750
3200 3220 91460
3220 3240 93170
3240 3260 95430
3260 3280 97880
3280 3300 100320
3300 3320 102770
3320 3340 105210
3340 3360 107660
3360 3380 110100
3380 3400 112550
3400 3420 114990
3420 3440 117440
3440 3460 119880
3460 3480 122330
3480 3500 124770
3500 3520 127220
3520 3540 129660
3540 3560 132110
3560 3580 134550
3580 3600 137000
3600 3620 139440
3620 3640 141890
3640 3660 144330
3660 3680 146780
3680 3700 149220
3700 3720 151670
3720 3740 154110
3740 3760 156560
3760 3780 163920
3780 3800 166590
3800 3820 169260
3820 3840 171930
3840 3860 174600
3860 3880 177270
3880 3900 179940
3900 3920 182610
3920 3940 185280
3940 3960 187950
3960 3980 190620
3980 4000 193290
4000 4020 195960
4020 4040 198630
4040 4060 201300
4060 4080 203970
4080 4100 206640
4100 4120 209310
4120 4140 211980
4140 4160 214650
4160 4180 217320
4180 4200 219990
4200 4220 222660
4220 4240 225330
4240 4260 228000
4260 4280 230670
4280 4300 233340
4300 4320 236010
4320 4340 238680
4340 4360 241350
4360 4380 244020
4380 4400 246690
4400 4420 249360
4420 4440 252030
4440 4460 254700
4460 4480 257370
4480 4500 260040
4500 4520 262840
4520 4540 265650
4540 4560 268450
4560 4580 271260
4580 4600 276560
4600 4620 279370
4620 4640 282170
4640 4660 284980
4660 4680 287780
4680 4700 290590
4700 4720 293390
4720 4740 296200
4740 4760 299000
4760 4780 301810
4780 4800 304610
4800 4820 307420
4820 4840 310220
4840 4860 313030
4860 4880 315830
4880 4900 318640
4900 4920 321440
4920 4940 324250
4940 4960 327050
4960 4980 329860
4980 5000 332660
5000 5020 335470
5020 5040 338270
5040 5060 341080
5060 5080 343880
5080 5100 346690
5100 5120 349490
5120 5140 352300
5140 5160 355100
5160 5180 357910
5180 5200 360710
5200 5220 363520
5220 5240 366320
5240 5260 369130
5260 5280 371930
5280 5300 374740
5300 5320 377540
5320 5340 380350
5340 5360 383150
5360 5380 385960
5380 5400 388760
5400 5420 391570
5420 5440 394370
5440 5460 397180
5460 5480 399980
5480 5500 402790
5500 5520 405590
5520 5540 408400
5540 5560 411200
5560 5580 414010
5580 5600 416810
5600 5620 419620
5620 5640 422420
5640 5660 425230
5660 5680 428030
5680 5700 430840
5700 5720 433640
5720 5740 436450
5740 5760 439250
5760 5780 442060
5780 5800 444860
5800 5820 447670
5820 5840 450470
5840 5860 470380
5860 5880 475720
5880 5900 478690
5900 5920 483220
5920 5940 487760
5940 5960 492300
5960 5980 496830
5980 6000 501370
6000 6020 505900
6020 6040 510440
6040 6060 514980
6060 6080 519510
6080 6100 524050
6100 6120 528580
6120 6140 533120
6140 6160 537660
6160 6180 542190
6180 6200 546730
6200 6220 551260
6220 6240 555800
6240 6260 560340
6260 6280 564870
6280 6300 569410
6300 6320 573940
6320 6340 578480
6340 6360 583020
6360 6380 587550
6380 6400 592090
6400 6420 596620
6420 6440 601160
6440 6460 605700
6460 6480 610230
6480 6500 614770
6500 6520 619300
6520 6540 623840
6540 6560 628380
6560 6580 632910
6580 6600 637450
6600 6620 641980
6620 6640 646520
6640 6660 651060
6660 6680 655590
6680 6700 660130
6700 6720 664660
6720 6740 669200
6740 6760 673740
6760 6780 678270
6780 6800 682810
6800 6820 687340
6820 6840 691880
6840 6860 696420
6860 6880 700950
6880 6900 705490
6900 6920 710020
6920 6940 714560
6940 6960 719100
6960 6980 723630
6980 7000 728170
7000 7020 732700
7020 7040 737240
7040 7060 741780
7060 7080 746310
7080 7100 750850
7100 7120 755380
7120 7140 759920
7140 7160 764460
7160 7180 768990
7180 7200 773530
7200 7220 778060
7220 7240 782600
7240 7260 787140
7260 7280 791670
7280 7300 796210
7300 7320 800740
7320 7340 805280
7340 7360 809820
7360 7380 814350
7380 7400 818890
7400 7420 823420
7420 7440 827960
7440 7460 832500
7460 7480 837030
7480 7500 841570
7500 7520 846100
7520 7540 850640
7540 7560 855180
7560 7580 859710
7580 7600 864250
7600 7620 868780
7620 7640 873320
7640 7660 877860
7660 7680 882390
7680 7700 886930
7700 7720 891460
7720 7740 896000
7740 7760 900540
7760 7780 905070
7780 7800 909610
7800 7820 914140
7820 7840 918680
7840 7860 923220
7860 7880 927750
7880 7900 932290
7900 7920 936820
7920 7940 941360
7940 7960 945900
7960 7980 950430
7980 8000 954970
8000 8020 959500
8020 8040 964040
8040 8060 968580
8060 8080 973110
8080 8100 977650
8100 8120 982180
8120 8140 986720
8140 8160 991260
8160 8180 995790
8180 8200 1000330
8200 8220 1004860
8220 8240 1009400
8240 8260 1013940
8260 8280 1018470
8280 8300 1023010
8300 8320 1027540
8320 8340 1032080
8340 8360 1036740
8360 8380 1041420
8380 8400 1046100
8400 8420 1050780
8420 8440 1055460
8440 8460 1060140
8460 8480 1064820
8480 8500 1069500
8500 8520 1074180
8520 8540 1078860
8540 8560 1083540
8560 8580 1088220
8580 8600 1092900
8600 8620 1097580
8620 8640 1102260
8640 8660 1106940
8660 8680 1111620
8680 8700 1116300
8700 8720 1120980
8720 8740 1125660
8740 8760 1130340
8760 8780 1135020
8780 8800 1139700
8800 8820 1144380
8820 8840 1149060
8840 8860 1153740
8860 8880 1158420
8880 8900 1163100
8900 8920 1167780
8920 8940 1172460
8940 8960 1177140
8960 8980 1181820
8980 9000 1186500
9000 9020 1191180
9020 9040 1195860
9040 9060 1200540
9060 9080 1205220
9080 9100 1209900
9100 9120 1214580
9120 9140 1219260
9140 9160 1223940
9160 9180 1228620
9180 9200 1233300
9200 9220 1237980
9220 9240 1244640
9240 9260 1251470
9260 9280 1258290
9280 9300 1265120
9300 9320 1271940
9320 9340 1278770
9340 9360 1285590
9360 9380 1292420
9380 9400 1299240
9400 9420 1306070
9420 9440 1312890
9440 9460 1319720
9460 9480 1326540
9480 9500 1333370
9500 9520 1340190
9520 9540 1347020
9540 9560 1353840
9560 9580 1360670
9580 9600 1367490
9600 9620 1374320
9620 9640 1381140
9640 9660 1387970
9660 9680 1394790
9680 9700 1401620
9700 9720 1408440
9720 9740 1415270
9740 9760 1422090
9760 9780 1428920
9780 9800 1435740
9800 9820 1442570
9820 9840 1449390
9840 9860 1456220
9860 9880 1463040
9880 9900 1469870
9900 9920 1476690
9920 9940 1483520
9940 9960 1490340
9960 9980 1497170
9980 10000 1503990
